%YAML:1.0
# General sensor definitions.
camera_id: left_cam

# Sensor extrinsics wrt. the body-frame.
T_BS:
  cols: 4
  rows: 4
  data: [-0.005082084262597302, -0.0018247962387032773, 0.9999854211628466,     0.06572900833731073,
          0.9999085062354354,   -0.012545425407662278,  0.005058800189903618,  -0.05148290592800148,
          0.012536011230389409,  0.999919637980987,     0.0018883861902577257, -0.0009844683813665825,
          0.0, 0.0, 0.0, 1.0 ]

# Camera specific definitions.
rate_hz: 30
resolution: [640, 480]
camera_model: pinhole
intrinsics: [
              391.80108887456990,
              392.55237548480370,
              322.16550192225515,
              238.37531078507600
            ] #fu, fv, cu, cv
distortion_model: radial-tangential
distortion_coefficients: [
                           0.0026886602829677940,
                          -0.0019764827457285170,
                          -0.0003490848888755425,
                           0.0001890333105096890
                         ]

