%YAML:1.0
# General sensor definitions.
camera_id: left_cam

# Sensor extrinsics wrt. the body-frame.
T_BS:
  cols: 4
  rows: 4
  data: [-0.004563591549225961, -0.00196350400851512,   0.9999876590659408,     0.06525453043504618,
          0.9999104263903855,   -0.012591309347461102,  0.0045385156950047715,  0.04407506776546579,
          0.012582242565182892,  0.9999187984936201,    0.002020789723305342,   0.00023394327804101455,
          0.0, 0.0, 0.0, 1.0 ]

# Camera specific definitions.
rate_hz: 30
resolution: [640, 480]
camera_model: pinhole
intrinsics: [
              391.79548312399334,
              392.50298821023847,
              322.16023855961316,
              238.4392862688926
            ] #fu, fv, cu, cv
distortion_model: radial-tangential
distortion_coefficients: [
                           0.00481596479931176600,
                          -0.00322855936139921370,
                          -0.00043017117619106713,
                           9.4004786787154e-05
                         ]

