%YAML:1.0
# General sensor definitions.
camera_id: left_cam

# Sensor extrinsics wrt. the body-frame.
T_BS:
  cols: 4
  rows: 4
  data: [-0.014350131400074117,  0.005148515062824009,  0.9998837765067741,    0.056148657066751050,
          0.9998843383023143,   -0.004964792010654719,  0.014375703740471401, -0.048647493894969314,
          0.005038228512430659,  0.999974421489339,    -0.005076674159104369,  0.115211276226569100,
          0.0, 0.0, 0.0, 1.0]

# Camera specific definitions.
rate_hz: 30
resolution: [640, 480]
camera_model: pinhole
intrinsics: [
              383.2618331601749,
              383.243586153066,
              325.9587386671344,
              236.5256021828307
            ] #fu, fv, cu, cv
distortion_model: radial-tangential
distortion_coefficients: [
                           0.0017904767189597557,
                          -0.0004010465842759877,
                          -0.00014712056618315024,
                           0.0006646295878512668
                         ]

