%YAML:1.0
# General sensor definitions.
camera_id: left_cam

# Sensor extrinsics wrt. the body-frame.
T_BS:
  cols: 4
  rows: 4
  data: [-0.013083099527700178,  0.004828310657210172, 0.9999027552332007,   0.055052773141263694,
          0.9999021701037377,   -0.004885194414406329, 0.013106681401860623, 0.045904559640864824,
          0.0049480024843079826, 0.9999764108676416,  -0.004763924819343679, 0.115661150984828830,
          0.0, 0.0, 0.0, 1.0]

# Camera specific definitions.
rate_hz: 30
resolution: [640, 480]
camera_model: pinhole
intrinsics: [
              383.27568257949036,
              383.23469322188265,
              325.59623962249910,
              236.58465529892894
            ] #fu, fv, cu, cv
distortion_model: radial-tangential
distortion_coefficients: [
                           0.00256679838427246140,
                          -0.00026425168914040085,
                          -0.00011006131776598273,
                           0.00018727309089007916
                         ]

